%YAML:1.0
---
K: !!opencv-matrix
   rows: 3
   cols: 3
   dt: d
   data: [ 1.5742024108275461e+03, 0., 1824., 0., 1.5748576372088664e+03,
       1368., 0., 0., 1. ]
D: !!opencv-matrix
   rows: 1
   cols: 14
   dt: d
   data: [ -2.2978469115633937e-01, 6.3331666524600885e-02,
       5.1347811347757298e-04, -9.5304223032013848e-04,
       -9.4832501816077656e-03, 0., 0., 0., 0., 0., 0., 0.,
       6.6577965429634727e-04, -8.0341595846601353e-03 ]
OptimalMatrix: !!opencv-matrix
   rows: 0
   cols: 0
   dt: u
   data: []
grid_size: [ 19, 11 ]
grid_square_size: 6.
resolution: [ 3648, 2736 ]
