%YAML:1.0
---
K: !!opencv-matrix
   rows: 3
   cols: 3
   dt: d
   data: [ 1.5597671792800738e+03, 0., 1824., 0., 1.5607013725650570e+03,
       1368., 0., 0., 1. ]
D: !!opencv-matrix
   rows: 1
   cols: 14
   dt: d
   data: [ -2.1850934204023276e-01, 5.4671656364833753e-02,
       -2.2992354564359816e-05, -1.3078955321979857e-03,
       -7.2146970043214190e-03, 0., 0., 0., 0., 0., 0., 0.,
       -2.9756705177667020e-03, -5.5540692988633030e-03 ]
OptimalMatrix: !!opencv-matrix
   rows: 0
   cols: 0
   dt: u
   data: []
grid_size: [ 19, 11 ]
grid_square_size: 6.
resolution: [ 3648, 2736 ]
