%YAML:1.0
---
K1: !!opencv-matrix
   rows: 3
   cols: 3
   dt: d
   data: [ 1.5617911054214828e+03, 0., 1824., 0., 1.5617911054214828e+03,
       1368., 0., 0., 1. ]
D1: !!opencv-matrix
   rows: 1
   cols: 5
   dt: d
   data: [ -2.0702058874864249e-01, 3.6471231230759911e-02, 0., 0., 0. ]
K2: !!opencv-matrix
   rows: 3
   cols: 3
   dt: d
   data: [ 1.5501642011438444e+03, 0., 1824., 0., 1.5501642011438444e+03,
       1368., 0., 0., 1. ]
D2: !!opencv-matrix
   rows: 1
   cols: 5
   dt: d
   data: [ -1.8819542871939721e-01, 2.7624289498220277e-02, 0., 0., 0. ]
E: !!opencv-matrix
   rows: 3
   cols: 3
   dt: d
   data: [ -2.0555049070242602e-02, 2.8367955203708948e+00,
       -8.6891606679463551e-02, -2.2067411791602369e+00,
       1.4419609285433327e-01, 2.0697664706826775e+01,
       2.0007363468097678e-01, -2.0619712835099204e+01,
       1.5604921805944538e-01 ]
F: !!opencv-matrix
   rows: 3
   cols: 3
   dt: d
   data: [ -1.5354450983299086e-08, 2.1190626993070584e-06,
       -2.9722429114838475e-03, -1.6484173378742304e-06,
       1.0771328407677563e-07, 2.7006188243632854e-02,
       2.5147186601989055e-03, -2.7889320418059253e-02, 1. ]
P1: !!opencv-matrix
   rows: 3
   cols: 4
   dt: d
   data: [ 1.5559776532826636e+03, 0., 1.0987942810058594e+03, 0., 0.,
       1.5559776532826636e+03, 1.3682650604248047e+03, 0., 0., 0., 1.,
       0. ]
R1: !!opencv-matrix
   rows: 3
   cols: 3
   dt: d
   data: [ 9.9431769626398314e-01, 1.0449635931488581e-02,
       1.0593924676523317e-01, -1.0108983328868415e-02,
       9.9994186366714777e-01, -3.7520317066751623e-03,
       -1.0597229521125927e-01, 2.6597734434680585e-03,
       9.9436552547485635e-01 ]
P2: !!opencv-matrix
   rows: 3
   cols: 4
   dt: d
   data: [ 1.5559776532826636e+03, 0., 1.0987942810058594e+03,
       -3.2388566139176150e+04, 0., 1.5559776532826636e+03,
       1.3682650604248047e+03, 0., 0., 0., 1., 0. ]
R2: !!opencv-matrix
   rows: 3
   cols: 3
   dt: d
   data: [ 9.9066074730285181e-01, 3.1311951081631089e-03,
       1.3631390013696340e-01, -3.6837092931246850e-03,
       9.9998599052416282e-01, 3.8011894523730058e-03,
       -1.3630008818485465e-01, -4.2678299642441523e-03,
       9.9065840307756803e-01 ]
grid_size: [ 19, 11 ]
grid_square_size: 6.
image_size: [ 3648, 2736 ]
