%YAML:1.0
---
K1: !!opencv-matrix
   rows: 3
   cols: 3
   dt: d
   data: [ 4.4577509044325861e+03, 0., 1824., 0., 3.7789074384306768e+03,
       1368., 0., 0., 1. ]
D1: !!opencv-matrix
   rows: 1
   cols: 14
   dt: d
   data: [ -7.2951477013393329e-01, 0., 0., 0., 0., 0., 0., 0., 0., 0.,
       0., 0., 2.4580255602046450e-01, -3.2803971655374853e-01 ]
K2: !!opencv-matrix
   rows: 3
   cols: 3
   dt: d
   data: [ 4.4577509044325861e+03, 0., 1824., 0., 3.7789074384306768e+03,
       1368., 0., 0., 1. ]
D2: !!opencv-matrix
   rows: 1
   cols: 14
   dt: d
   data: [ -8.0308635682819096e-01, 0., 0., 0., 0., 0., 0., 0., 0., 0.,
       0., 0., 6.5207523585453078e-02, -2.1772844351974893e-01 ]
E: !!opencv-matrix
   rows: 3
   cols: 3
   dt: d
   data: [ 1.0229075608260259e+00, 2.0090263482932514e+01,
       2.1204149337524631e+00, -2.0179624114351324e+01,
       1.2161107579946215e+00, 2.3485692885448692e+01,
       -3.4814763459059597e+00, -2.3436925655967514e+01,
       1.6675508703884778e-01 ]
F: !!opencv-matrix
   rows: 3
   cols: 3
   dt: d
   data: [ 5.0298596922938769e-08, 1.1653453750316198e-06,
       -1.2211478016385163e-03, -1.1705287813429547e-06,
       8.3213099191911746e-08, 8.0939980733585985e-03,
       7.4640837940759058e-04, -8.2996046429873720e-03, 1. ]
grid_size: [ 19, 11 ]
grid_square_size: 6.
image_size: [ 3648, 2736 ]
